0.693747670470	2.10E-15
0.315873190900	3.60E-13
2.552870000000	0
1.240699038946	5.64E-16
0.005756779996	-4.99E-20
0.005357573285	-3.43E-21
0.002623579353	6.45E-20
0.004040379144	-4.22E-20
0.004346167999	-1.22E-19
0.003676643218	-3.84E-20
0.003053954346	-2.19E-20
0.004810000000	0
0.004771000000	0
0.004554000000	0
0.318357731235	1.50E-16
0.004865453211	1.02E-20
0.315000000000	0
0.912000000000	0
0.942950994560	4.08E-16
0.036804120000	0
1.118225345241	2.88E-15
0.632335800020	2.49E-15
1.217094296058	2.35E-15
1.366560000000	0
0.354731798900	7.00E-18
0.832938000000	0
2.115171148865	9.54E-15
0.472036662076	3.33E-15
0.738062442600	1.00E-16
0.637000000000	0
0.996009000000	0
1.679164229064	5.95E-15
0.083157305005	4.28E-16
0.807564614019	7.70E-17
1.283659842900	1.31E-14
1.071118109859	4.81E-17
0.688541511640	7.09E-15
4.301240000000	0
0.325883016130	4.86E-15
0.101439066482	5.85E-15
1.708233000000	0
0.348124045581	1.76E-15
0.463473741703	1.20E-16
0.136961584135	7.84E-17
0.717895000000	0
0.414763026508	1.22E-17
1.775343825960	7.91E-14
0.272450630950	1.07E-14
1.222948520546	3.91E-16
0.046685880000	0
0.938100000000	0
0.196321375430	2.57E-16
1.464664549334	4.43E-16
2.746647290140	1.70E-15
0.832741612688	1.30E-15
1.811560611310	1.52E-16
2.351744936460	1.89E-13
0.505300000000	0
0.065715928493	1.94E-13
0.630550140847	1.20E-15
1.077332701300	2.90E-16
0.376386292000	6.60E-15
0.548879819155	6.62E-16
1.029700000000	0
0.806900000000	0
1.466820306152	3.11E-15
1.545400000000	0
0.592000000000	0
1.473000000000	0
2.128100000000	0
0.217094000000	5.51E-14
0.447708444058	3.06E-17
1.207000000000	0
1.387584446262	1.30E-15
0.003160000000	0
3.032071956385	6.36E-16
0.336620230291	3.81E-16
1.364741000000	0
0.893319660649	2.15E-16
0.714519699726	2.05E-15
0.269200540930	7.35E-18
1.762000000000	0
0.003299339366	7.08E-21
1.888000000000	0
2.597027157380	5.70E-17
1.934478067294	1.34E-14
0.444104498800	1.30E-14
0.197030098031	4.77E-16
0.226477700000	0
0.156382417777	4.40E-15
0.091506820000	0
0.545252742352	1.54E-15
0.594576165044	5.57E-15
1.837000000000	0
0.754000000000	0
0.687000000000	0
0.390715089939	7.66E-17
0.654400000000	0
0.440283000000	0
0.757118871320	9.70E-16
1.241000000000	0
2.161308494552	1.16E-15
0.900500000000	0
0.922474730055	3.93E-14
0.326279300000	0
0.450448330856	1.48E-16
0.479163971291	3.37E-15
0.438014149391	1.03E-16
0.245454290000	0.00E+00
0.548939223294	5.75E-15
0.340729436235	2.37E-15
0.320422711526	1.02E-14
0.117073051000	0
0.800132073210	3.67E-14
0.504900000000	0
2.497011696130	2.10E-16
0.231390388000	0
1.883479658490	5.30E-16
1.133900000000	0
1.133076123659	1.40E-15
0.638565481517	5.58E-15
0.691251418180	2.31E-14
0.004100000000	0
0.076564400000	0
0.322061827468	2.06E-16
0.302200000000	0
0.222344000000	0
0.515000000000	0
0.340194000000	0
0.263211634568	6.97E-16
0.241642175673	3.01E-17
0.433420700000	0
0.674531909060	1.77E-14
0.354437594514	7.36E-17
3.745539250300	4.01E-14
0.975724966380	1.55E-14
0.642742750930	5.35E-15
0.574597860000	0
0.963017701980	1.60E-16
0.004390000000	0
0.033392412300	4.21E-13
1.817565031060	4.25E-13
0.210524357000	0
0.200511330000	1.15E-14
1.245855596290	5.65E-16
0.112613212000	0
0.016122222025	5.18E-14
0.143158258912	3.67E-15
0.524270863208	4.48E-16
0.050569703022	4.79E-13
1.286014595000	8.20E-16
0.425189000000	0
0.245974768890	1.54E-14
0.708954185750	3.94E-15
2.843850385240	7.65E-15
0.464960965736	1.43E-13
1.146905800000	0
0.827838085750	5.96E-15
2.261364513000	2.78E-15
0.395969169543	1.30E-15
1.076200000000	0
0.055698013930	2.35E-19
0.443861000000	0
1.674430000000	0
1.412090000000	0
0.297982326572	5.95E-17
0.619198181100	3.24E-15
0.334959966110	5.94E-14
1.039203000000	0
0.269954068368	7.24E-18
0.002720000000	0
0.333208231801	2.54E-14
0.613759600022	8.84E-17
1.039076475851	8.30E-16
0.498397000000	0
0.346522567131	1.70E-15
0.475877008970	2.98E-14
0.476622836038	2.00E-15
0.680574832268	3.75E-15
1.248550000000	0
1.244418596150	7.12E-15
0.287800021959	1.05E-13
0.297395190580	7.96E-14
0.237099441692	1.10E-14
3.253210838400	3.82E-15
0.033856495000	0
1.984597367130	3.17E-15
0.008853496686	4.92E-21
0.657873000000	0
0.903913200000	7.36E-16
1.234853627780	6.42E-15
0.924053918109	1.53E-16
1.214440511516	3.80E-15
1.224754414620	2.67E-17
0.183156898795	3.19E-17
0.563294925255	9.15E-15
0.384891195054	5.50E-14
0.665993590000	0
0.485268383925	1.26E-16
1.214090492480	4.00E-16
0.005490968506	1.49E-20
0.974724730631	7.28E-15
0.424311403183	9.26E-17
3.442308487700	2.93E-13
0.251658714181	1.13E-13
0.510160344830	1.90E-14
1.796249701170	5.70E-15
0.156250000000	1.22E-14
0.320366370454	5.47E-15
6.824240000000	0
0.374919985032	1.62E-15
0.003139215000	0
0.002885703740	0
0.166762291572	1.68E-14
0.214836351400	2.73E-15
2.791025178450	1.67E-14
0.407670200000	0
1.095452157610	9.77E-16
1.174875000000	0
1.442349479143	1.08E-15
0.682265175806	1.62E-15
2.191986895930	4.21E-15
2.063100000000	0
0.526643531430	3.78E-16
0.866349284710	4.01E-16
0.547199235502	3.08E-15
0.482595929159	4.49E-17
1.292241446862	1.68E-16
0.645161191060	1.39E-16
0.763741848300	5.80E-16
2.161258926939	7.53E-16
1.238129543868	2.11E-15
0.124836380419	2.44E-15
1.073566584050	1.22E-14
0.545445536110	1.89E-17
0.396728235377	3.48E-15
0.112799455072	9.30E-18
0.009900000000	0
0.530660511690	1.71E-15
1.848918803650	9.96E-16
0.311673518473	1.28E-15
0.121116349354	4.44E-15
0.384645000000	0
0.541404373627	9.78E-15
0.738400000000	0
0.089328385024	1.25E-13
1.273768291579	6.80E-15
0.751623617646	3.54E-15
0.308580662144	3.90E-17
1.703945705500	8.10E-16
0.720612361060	1.64E-15
0.644354055800	9.50E-15
1.365860000000	0
0.208955693153	1.72E-16
1.116097163402	1.60E-15
0.452400000000	0
0.367953256307	7.91E-16
1.602227973870	4.46E-16
1.267535702756	6.32E-15
0.064686130825	7.26E-15
0.575072382580	1.36E-14
0.962508557300	1.68E-15
0.326774210079	2.33E-14
0.441995130786	8.75E-14
0.660313371500	1.07E-16
0.965170998700	1.89E-15
0.549553119090	4.63E-16
0.988280597400	1.49E-16
0.346287436779	2.49E-14
0.340854176542	5.22E-16
0.253556015011	1.83E-15
0.401625623442	6.70E-16
0.106754592500	1.52E-14
1.362889954200	3.33E-16
1.579050000000	0
0.812600000000	0
1.216975723000	1.00E-17
1.567994018480	3.61E-15
0.430627098928	1.37E-14
0.950288537028	9.76E-14
0.009680000000	0
0.746295209540	3.55E-14
0.739501326540	4.88E-15
0.761886000000	0
2.060400000000	0
2.091900000000	0
0.004638029391	4.10E-21
1.931626743080	2.50E-16
4.392158712700	8.37E-15
0.570409236430	2.69E-16
1.444773209820	4.65E-15
0.087545204308	3.29E-14
0.658557614320	1.14E-15
0.664367488070	2.29E-14
0.808127417142	3.96E-14
1.087417728071	9.11E-17
0.532913000000	0
2.229489000000	0
0.570264124562	4.53E-17
0.331585598776	4.83E-15
1.097705704860	3.49E-15
0.851050000000	0
0.640015724160	6.37E-16
1.373815121400	5.80E-16
0.253065164948	2.30E-16
0.472834279266	4.39E-14
0.862117739330	3.52E-15
0.203556697536	1.95E-15
0.670085760400	8.20E-17
0.255677098425	9.60E-16
1.436582629200	5.14E-14
1.661176740230	8.60E-16
7.733640264900	5.99E-14
0.777500906700	1.57E-15
0.713489253500	1.04E-16
0.307071699750	2.21E-14
0.835797468000	5.73E-16
2.517945020500	8.81E-16
2.133591214400	3.77E-14
0.819911496200	1.77E-14
0.442900630729	5.58E-16
0.139881677595	5.74E-14
0.769583527200	1.93E-15
0.087834156143	6.98E-16
0.107386458459	8.08E-14
0.503458815460	3.13E-15
1.804694945768	1.74E-15
0.162498709997	2.01E-14
1.238305344230	4.05E-14
0.140479910179	6.74E-15
0.670026297610	5.30E-17
1.643726002000	1.45E-13
0.111472434340	3.84E-13
0.005162204640	1.85E-20
0.091403230900	1.61E-14
0.306410837119	1.78E-15
2.407622311350	1.79E-14
0.464208010000	3.00E-15
1.150590428417	2.30E-16
0.579576736318	3.50E-16
0.510368133101	1.65E-15
0.533501886290	1.36E-15
0.028851557951	6.70E-20
0.661992094032	1.25E-15
1.386368074588	9.45E-16
1.170859077000	6.73E-15
0.288601695277	1.04E-14
0.139028891100	5.46E-14
0.326271446035	1.24E-16
0.369426696200	1.14E-15
0.330328052331	6.10E-17
0.198451450563	1.69E-15
0.123670657887	9.63E-14
2.202325077000	4.41E-15
0.180591500693	2.00E-14
0.383830423532	3.87E-16
0.346908957903	4.07E-15
0.228324249982	2.09E-16
1.840003541400	3.14E-15
0.947558409300	9.24E-14
0.099660833480	2.95E-14
0.448635442460	7.08E-16
2.919396986800	2.03E-14
0.676081893740	5.76E-16
0.422447188684	3.58E-15
0.628305878552	2.25E-16
0.197107608187	5.83E-15
1.347402161200	1.33E-15
0.616270272343	6.57E-16
1.184998933540	4.30E-15
0.062800077000	8.60E-15
3.631320000000	0
0.003392709659	3.70E-21
0.396586748928	9.90E-16
0.280905301539	1.97E-15
0.351100000000	0
0.063192941526	1.58E-14
2.717934136000	2.33E-15
0.252773323418	9.00E-18
1.516530965400	3.40E-16
1.799395667500	1.56E-13
0.558252726401	2.06E-15
0.793348000000	0
0.064961851894	3.15E-14
0.334212839780	8.24E-16
0.820484204110	2.84E-15
0.880819625490	4.61E-14
1.656439759937	2.49E-15
0.259776659501	7.24E-15
0.943157882843	7.95E-15
0.505097149180	1.25E-14
1.155271960400	2.40E-16
0.407962983560	4.02E-12
2.280597196300	3.67E-15
0.005550000000	0
0.535783131150	2.77E-15
0.004201383800	0
0.244838478401	6.54E-17
0.640233747650	6.46E-15
0.271434052199	5.25E-15
0.232976432603	2.75E-15
0.002410000000	0
0.185559973402	9.00E-18
0.135476854410	7.53E-13
0.479098584520	6.20E-16
0.202736911853	2.81E-16
0.579416438000	3.30E-15
0.515983510500	1.10E-17
0.162323475501	1.59E-17
0.680983832420	9.52E-16
0.256352799309	4.60E-16
0.325400000000	0
0.175166247082	6.80E-17
1.022875140820	4.52E-16
0.114943000000	7.93E-14
1.187913065936	3.73E-15
0.364705576240	8.22E-15
0.556216055700	7.17E-17
0.117563794023	1.25E-14
0.538431789013	1.96E-15
0.291467536511	4.63E-16
0.558383385690	7.80E-17
0.675646047064	6.95E-16
0.685358485630	4.85E-16
0.987783069340	-3.80E-17
0.850664943370	3.08E-14
0.273372429880	1.79E-15
0.003720000000	0
3.559937232000	1.11E-14
3.241028503100	2.70E-15
0.101633196293	1.03E-14
1.789829466400	1.30E-15
0.376569565760	6.69E-15
0.282011710650	5.59E-16
0.288409420325	2.65E-14
1.037931050900	1.02E-15
0.400522048340	3.93E-15
0.667485533540	2.40E-17
0.525074239200	2.82E-15
0.592136029080	3.56E-15
0.452800508195	2.13E-15
0.308860862010	2.17E-16
0.004840000000	0
0.424130748816	2.22E-17
0.279767330845	7.26E-16
4.237010216400	4.30E-16
0.433083926199	2.57E-16
0.909822701180	5.34E-17
0.636414136800	1.15E-16
0.374046785830	1.68E-14
0.789212012050	8.00E-17
1.081163526600	1.50E-16
0.585761208120	2.02E-14
0.216476203121	4.95E-15
1.018452868182	2.06E-15
0.626323941978	2.88E-16
0.419617791500	9.46E-16
0.444577960000	0
0.877239077780	3.80E-17
1.351236299200	1.40E-15
1.872994377000	1.40E-17
0.564759389200	6.92E-15
0.756891933630	3.88E-15
0.638233810000	0
0.256777653406	1.97E-16
0.294759771191	1.56E-16
2.110974117940	2.19E-15
1.118590689450	1.45E-15
1.382449103039	9.60E-16
1.301908113900	1.19E-14
0.512242093180	1.74E-15
1.310000000000	0
0.471224877690	8.00E-17
0.388480921041	4.50E-15
0.275207111323	1.00E-15
1.546818940000	7.18E-15
2.283093350800	1.09E-14
0.473830000000	0
0.198335136357	1.69E-14
1.234893493890	1.93E-15
0.434444873080	1.21E-17
0.327057738230	3.65E-16
0.823339271280	1.10E-16
0.255496327410	2.10E-15
0.184502203069	6.24E-16
0.052000000000	0
0.657973630340	4.00E-15
0.182911508160	0
0.617307669996	3.63E-16
0.663329049400	1.21E-15
0.184528095090	2.67E-13
0.663829647700	5.64E-14
0.003770000000	0
0.325724330000	0
0.967846212900	6.33E-15
2.306641553900	2.18E-15
0.427761842240	3.21E-14
0.478230932840	2.11E-15
0.571646944400	4.03E-15
0.197276300000	0
0.981902118480	5.86E-15
0.473026470689	5.97E-15
4.962427252500	2.11E-14
1.058833044240	5.26E-16
0.464699748800	8.64E-15
0.619453556800	8.79E-15
0.398292162785	1.84E-17
0.447517711232	1.51E-16
0.728154217300	1.48E-16
0.849235684800	5.71E-15
2.437432496090	6.80E-16
0.848932750730	8.00E-16
2.948389603800	1.17E-14
0.342825398440	5.30E-15
0.261270556060	1.02E-16
0.284351393041	1.53E-15
0.421118114249	1.50E-15
0.458488406720	1.90E-18
0.279729147244	9.25E-15
1.028620000000	0
1.279057595230	2.37E-15
0.670037418386	5.66E-16
1.044851000000	0
0.506058413730	2.59E-15
2.764209420800	1.11E-14
0.844108575300	5.58E-15
2.483803693000	9.79E-16
0.477990866890	3.24E-15
0.792670107300	3.10E-15
0.543008579200	5.31E-15
0.529913192100	1.89E-14
0.196478664183	1.53E-15
0.280677974168	3.12E-14
0.532698803370	3.01E-15
1.478721355900	6.10E-16
1.565217963800	3.39E-14
0.648116647100	5.10E-16
0.650434490647	5.60E-16
0.345602948594	5.40E-19
0.107718215923	2.16E-17
0.399192000000	0
0.207953012189	3.56E-16
1.238989576500	1.39E-14
0.137054657933	5.30E-19
0.558179221850	3.50E-16
0.378622066280	5.05E-15
0.627285365870	1.95E-14
0.193339746306	2.53E-13
0.002545000000	0
0.002166000000	0
0.540102321400	4.30E-17
1.253084590100	3.25E-15
0.299625106800	3.50E-17
0.609961754304	1.42E-14
0.927772238900	3.79E-15
0.259362860073	5.13E-15
0.373034000000	0
0.295699176300	7.53E-16
0.628902546380	1.23E-15
2.951938334000	1.48E-14
0.644301096220	2.81E-15
2.038673825400	7.10E-16
1.213381226740	5.99E-15
0.276603043150	3.10E-18
0.507379566696	7.24E-16
0.455761000000	0
0.166108327507	3.60E-13
0.912971000000	0
0.127500776850	6.34E-15
0.031181601100	3.89E-14
0.842789632370	1.67E-14
1.380177000000	0
0.399170176930	9.00E-17
1.306197812000	1.20E-15
2.650270000000	0
0.617574685140	1.20E-15
0.288349244250	6.11E-16
0.213074653776	5.47E-14
0.492344206640	3.16E-15
0.701614949200	8.85E-15
0.528590779200	8.40E-16
0.050051946200	3.20E-14
0.278729443627	6.74E-18
0.529156397970	1.91E-15
0.315224970657	9.87E-14
0.059198212396	4.00E-19
0.285624620180	3.33E-13
0.109740699690	2.77E-14
0.292407702490	2.23E-15
0.394945790784	7.43E-15
4.630188061900	6.39E-15
0.392478973100	5.80E-16
0.794882546000	1.20E-16
0.295580481930	4.28E-15
1.096806003400	8.89E-16
1.672595681200	2.71E-16
0.110573011690	1.69E-13
0.935771922100	2.37E-16
0.068179876590	8.32E-14
0.340967851640	9.68E-14
0.333410710172	1.45E-15
0.770374845874	7.80E-16
0.366734060217	3.94E-15
1.023503699130	2.40E-16
0.353262920240	2.20E-17
0.707867605760	7.42E-16
0.501730309870	4.80E-16
0.586485556229	6.21E-16
0.570290462862	2.08E-15
0.115842610080	3.05E-14
0.763914830530	4.28E-14
0.785440757324	2.77E-15
2.034989479200	5.92E-15
1.954429635300	5.63E-15
0.306367862680	3.02E-15
0.963348323150	1.03E-15
0.041741147840	5.50E-19
0.472995435514	1.54E-15
0.061696123404	8.59E-15
0.467616323450	6.33E-15
0.459605363850	1.12E-15
1.175840022900	3.60E-16
0.732061264700	3.38E-16
2.760227944800	8.20E-15
0.463329577191	8.60E-17
0.386625017480	5.07E-14
0.154991357918	1.45E-15
0.005792302735	1.16E-20
0.179484753964	2.75E-15
0.176191200000	0
0.536810000000	0
0.263376814893	9.83E-17
1.748301080100	5.29E-15
1.498637436800	3.66E-15
0.390739364180	1.23E-14
0.103150638274	2.53E-14
0.464036813928	2.39E-16
0.782948566100	1.70E-16
0.535504397790	1.83E-15
0.668105150910	3.64E-14
0.842103840000	1.35E-15
3.314001501220	1.40E-16
0.412985199810	5.53E-15
0.840738545000	6.37E-15
0.286757045220	1.60E-15
0.355654901170	1.16E-15
0.739681922904	5.00E-15
0.088921760489	9.17E-15
0.339038448700	2.12E-15
0.943871297500	6.10E-16
0.200383695922	4.85E-16
0.301510550020	3.44E-16
2.040531574200	1.92E-15
0.128694148448	6.85E-15
0.973458034800	2.76E-14
0.151251258315	1.53E-01
0.454839209490	9.25E-16
0.148796488226	2.88E-15
0.286646196500	6.10E-15
0.650836871901	2.16E-16
0.886612496860	2.10E-15
0.005553592524	4.12E-20
0.794996674570	4.18E-16
0.214924800284	4.06E-17
0.518757784740	4.27E-15
2.154307060640	8.37E-15
1.254051630560	5.96E-15
1.389604687600	3.30E-15
0.102135980870	3.12E-14
0.395352859901	2.00E-15
0.078218548881	3.90E-14
1.116048619270	3.56E-13
0.961042626940	1.26E-13
1.011694217720	1.62E-14
0.355156037000	8.96E-18
0.280348662060	1.16E-16
0.301887896630	1.23E-16
2.417582270100	1.91E-14
1.048704886600	1.13E-14
0.526556139140	3.96E-16
3.467301517000	7.75E-15
0.891264539900	8.10E-16
0.822248731100	4.10E-15
0.278956721152	4.68E-15
0.910300000000	0
0.356849312855	9.63E-17
0.084201682886	1.37E-14
1.124835742767	7.80E-16
0.443824608300	6.50E-17
0.522977085970	0
1.221425958800	1.80E-16
1.368880909210	1.43E-15
0.289688895200	1.54E-15
0.432866133845	4.07E-15
0.468401604220	4.05E-17
0.566734156720	1.43E-14
0.307177662775	2.72E-15
1.319759041740	7.90E-16
0.003080000000	0
0.881438431100	1.91E-15
0.557840660310	1.37E-15
0.301310775230	1.93E-15
1.528124105660	4.17E-15
0.430464123860	2.78E-15
0.276726137260	1.42E-15
0.395730638930	4.10E-17
0.104674920844	3.21E-15
1.908494491430	7.31E-15
0.843980396880	7.12E-15
0.341212811806	4.55E-15
0.506568335296	4.20E-17
1.272841599780	1.27E-15
1.004958318130	7.28E-16
0.243392200400	4.85E-15
1.630846309570	2.02E-16
0.612916285690	4.20E-16
0.295837553450	7.50E-14
0.599245036400	3.97E-15
1.783864987700	5.90E-16
1.207567765260	7.78E-14
0.709064069786	8.80E-16
0.748448416229	4.32E-16
0.644255064500	1.01E-14
0.377118562630	5.20E-14
0.178553799688	6.07E-17
0.580839886150	1.18E-14
0.007800000000	0
1.576924632943	2.94E-15
0.647197746660	2.60E-17
0.242190323768	5.94E-16
0.145654719470	8.00E-19
0.602738077704	4.05E-15
0.170933992695	1.07E-14
1.262471311613	8.54E-16
0.288346763122	1.41E-14
0.497772394000	4.70E-17
0.749658949570	1.78E-14
1.421124345440	9.35E-16
0.007090000000	0
0.674060361000	1.88E-16
0.453394164640	1.95E-13
0.006284311381	1.90E-20
0.198800000000	0
1.081328246900	1.57E-14
3.418039313000	3.12E-14
0.975409891080	2.05E-15
0.532577741209	6.94E-16
0.518109779801	6.22E-17
0.994680686730	1.04E-14
0.329186857758	3.30E-16
0.594575263550	6.04E-15
1.122341686280	1.86E-13
1.169890000000	0
0.257056097651	1.02E-15
0.957242442400	2.05E-14
0.192601232781	5.06E-15
0.194454482247	2.13E-15
1.247666174000	8.90E-16
0.860777000000	0
2.559356631000	7.20E-16
0.288456511543	6.24E-14
0.819990036850	1.59E-14
0.864227359950	6.96E-14
0.283070376692	1.59E-15
0.778313192792	3.01E-15
0.141908588964	1.24E-16
0.496077113060	2.80E-15
1.400000000000	0
0.527465874211	4.96E-15
0.327417572788	1.02E-15
0.341402932218	8.40E-17
1.013608747300	4.75E-15
0.658013100700	2.56E-16
0.421816233583	3.06E-16
0.342722792470	2.54E-15
0.298116357616	2.49E-17
1.557917247620	5.09E-16
0.249608954839	5.01E-16
1.279402353900	1.30E-14
1.018392746362	2.30E-16
0.481118852150	1.36E-14
0.786468023520	2.62E-15
1.296850239000	1.95E-15
0.666437922850	5.40E-16
0.182491659288	5.17E-15
0.354550316646	2.00E-18
0.426645981025	3.73E-17
0.923833710690	1.57E-15
0.192687184170	0
0.483310511320	3.78E-15
0.846907000000	0
0.615520458020	9.35E-16
0.382375952780	6.32E-16
0.457501817820	1.92E-14
0.655220595670	6.63E-15
1.206801436397	2.36E-15
0.033500000000	0
0.464100000000	0
0.407292274238	1.59E-16
0.231693836230	4.95E-13
1.534008142200	7.44E-15
0.572592271920	2.90E-17
2.477567873840	1.58E-15
0.360957675308	3.38E-16
0.791525715620	2.00E-15
0.491384121830	4.66E-14
1.219593882500	1.91E-14
1.025830892600	2.89E-14
3.428466309550	1.81E-14
0.567080221721	1.65E-14
0.069356847000	1.35E-13
0.203552877860	1.99E-15
1.023152000000	0
0.171934652447	1.05E-14
1.156360287820	6.70E-17
1.084019943530	1.30E-14
0.371924138840	7.68E-16
0.731462722800	2.57E-15
0.916937522620	1.56E-15
0.457681471040	5.05E-15
0.265072235690	3.07E-16
0.735091647940	1.10E-16
1.072967894200	1.71E-14
0.503014997755	1.96E-15
1.276445819516	2.58E-15
0.364590355300	1.02E-15
0.725732155400	4.21E-14
0.233164076390	7.99E-16
0.871242605600	6.10E-17
0.448723248570	4.15E-15
2.355278193300	4.43E-16
0.460339492290	1.68E-14
0.355856262770	6.65E-15
0.308353600000	0
0.370141128114	8.28E-15
0.293928188640	1.75E-14
0.450867766330	7.66E-16
0.490856730096	3.93E-16
0.140745806053	1.73E-15
0.612330650088	3.64E-15
0.623678000000	0
0.439684000000	0
0.352464213200	7.38E-16
0.354233940510	8.00E-18
0.395785000000	0
0.865970962700	1.24E-15
4.137538523900	1.75E-14
2.988192686000	7.00E-15
0.181172900000	0
0.006000603443	1.00E-20
0.559071333020	1.42E-14
0.575971411550	2.23E-14
0.677683912490	1.10E-15
0.551241253770	8.80E-18
0.717637327950	6.60E-17
1.046809876900	1.49E-14
1.709154495280	7.60E-14
0.228564097816	1.51E-14
0.813452833580	6.50E-13
0.935557044830	1.07E-15
0.436506697158	6.20E-15
0.710830078800	7.69E-14
0.352142380018	3.79E-15
0.684936492360	0
0.507356002674	1.57E-15
0.224201191060	4.10E-17
1.179387039020	2.32E-16
0.490506512800	1.19E-16
0.510500000000	0
1.594745549900	3.60E-15
0.671964199320	8.79E-15
0.529121256850	1.37E-15
0.206648508740	4.67E-14
1.204643888900	2.07E-14
0.430366558000	1.51E-15
0.771366540420	3.62E-15
0.252869846841	5.76E-16
0.118771392833	3.19E-15
0.493091000000	0
0.154027427712	5.92E-14
1.165741386600	4.44E-15
0.837365301800	5.83E-15
0.698260600540	7.70E-17
0.771130240250	5.90E-16
0.510900000000	0
1.121944193550	2.50E-17
0.568056626900	0
0.117801550721	1.61E-15
0.278137287280	5.15E-14
0.340502709437	2.65E-15
0.587558977690	1.50E-17
0.529115851204	5.78E-15
0.206443048000	9.76E-13
0.178352043293	8.06E-16
0.517404834670	4.20E-14
0.739098946490	3.34E-16
1.091008429855	4.11E-17
0.010377509452	0
0.003722000000	0
0.237383081875	3.18E-14
1.347899472900	8.28E-15
0.717508089981	3.00E-14
0.173910600000	0
0.455059775403	2.01E-14
0.250940600000	0
0.125962232490	7.50E-16
0.387689698034	1.78E-15
0.410860719379	8.13E-17
0.840679981400	1.10E-16
0.231603329300	1.13E-13
0.530075207410	2.10E-15
1.785611239600	1.70E-15
1.599819000000	0
0.719454779443	3.53E-15
0.629631535670	1.85E-15
0.164949668359	2.37E-14
0.583764996890	4.29E-16
1.015257391800	5.59E-16
0.262025692969	3.67E-17
0.770909760511	3.91E-17
0.870711559490	4.40E-17
0.557018757960	4.97E-14
0.297692199710	6.55E-15
0.613570704360	1.70E-15
0.002021097800	0
1.749551746100	3.20E-15
0.308917678787	1.98E-17
0.309398365719	1.67E-17
0.380869799280	1.61E-14
0.156399367497	1.82E-15
0.973393691872	3.04E-15
0.844080665960	4.81E-15
0.517443204090	8.19E-15
0.635055976470	1.81E-15
0.890533957800	2.07E-15
1.755311079810	1.36E-15
0.305447058241	1.76E-17
1.703739137858	3.16E-15
0.915803497200	6.54E-16
0.003785123800	0
0.305037318882	2.79E-15
1.019371556640	4.40E-16
0.612558241220	4.81E-15
0.419279741370	1.50E-17
3.059509602200	3.45E-15
0.791822441873	1.68E-16
0.939165478760	7.35E-16
1.273945125770	1.30E-16
1.101554692700	5.12E-14
0.542935874228	3.66E-17
1.193439199210	2.00E-15
1.497850000000	0
0.730133707454	1.28E-15
0.609607142010	8.21E-15
1.166449004400	4.28E-14
0.369364900000	0
0.416873770089	3.86E-15
0.002439295910	1.12E-20
0.640958200232	6.18E-16
0.474381434610	1.71E-16
0.353293033439	2.50E-17
1.358307010526	4.71E-15
1.494090615280	4.32E-15
0.560503533065	5.00E-18
0.283791853785	9.90E-17
0.755535409500	4.00E-17
0.578363439220	1.08E-15
0.291341471025	5.60E-17
2.454609159100	1.11E-14
0.322908566781	5.19E-16
0.804304237390	1.10E-16
0.390327976785	3.78E-16
0.182135802939	5.23E-14
0.227564958458	1.14E-17
0.215507334229	9.79E-15
0.240523864770	2.24E-13
2.123505703600	3.30E-15
0.804341079271	1.73E-15
1.211785094647	6.60E-16
1.747293489430	1.43E-14
1.396401077630	5.08E-15
0.306323025400	9.10E-16
0.298987427343	4.14E-15
0.255426483601	1.08E-15
0.854481663700	1.93E-14
0.318941483436	6.06E-14
0.861067406700	3.47E-14
0.222561102610	7.12E-17
0.230700000000	0
0.808546089000	6.00E-17
0.586287401340	3.00E-15
0.616979044100	6.51E-15
1.476687000000	0
0.361921324928	2.92E-16
0.581016707860	1.93E-15
0.890594496250	5.70E-15
0.266473637430	1.56E-15
0.692113246520	4.20E-15
0.587566793839	1.35E-16
1.225781996000	8.60E-15
1.297836837820	2.61E-15
0.449620000000	0
1.191023996600	1.88E-15
0.653053971260	6.31E-15
0.447857060325	2.27E-15
0.586986163190	7.86E-15
1.735898235000	8.00E-16
0.865235334300	7.37E-15
0.102459245929	9.30E-14
0.954158007000	2.00E-17
0.792659221830	0
0.286561228631	1.02E-16
0.003220223100	0
0.868804249026	1.10E-15
0.465364645590	7.41E-15
0.899217799300	1.55E-14
0.255359660118	1.28E-15
0.778149000000	0
0.092527700000	0
1.600114042300	1.77E-13
0.392451400000	0
0.696278743075	5.88E-17
1.260214059260	9.20E-17
0.779628114000	1.50E-16
0.928107507750	4.40E-15
0.278481054670	3.77E-14
2.072152991800	3.01E-15
0.573745358920	8.76E-16
0.630313712850	1.80E-14
0.311812764560	2.87E-15
1.036067272540	2.88E-15
0.555824215980	8.33E-16
0.656299231460	9.80E-15
0.682418626530	5.29E-15
1.149498918400	8.20E-16
1.085520615410	3.30E-17
0.397857446560	1.22E-14
0.349928508070	1.75E-15
0.887718643190	3.68E-15
0.321793346869	1.96E-16
1.289378777500	2.62E-14
3.378574253300	1.61E-12
0.074669920566	1.32E-14
0.548419200000	0
0.590472787720	7.51E-15
0.454000000000	0
0.189094492501	1.67E-15
0.235475200290	3.92E-16
0.477715343692	8.28E-17
1.565601148020	5.80E-15
1.615663780340	7.40E-16
0.874264572450	5.93E-16
0.620448365347	7.46E-16
0.092132120000	0
0.351124633722	3.27E-17
0.404039751280	1.28E-16
0.003496633783	5.54E-21
0.821900000000	0
0.280423858549	2.52E-14
0.477157518356	6.46E-16
0.399183351758	4.46E-15
0.236173191636	1.09E-14
0.218554095827	3.74E-16
0.625033912700	9.00E-16
0.202721937860	8.01E-15
0.765795814730	0
0.948236974100	7.25E-15
1.221707692100	2.11E-14
1.309108787300	3.51E-15
0.239919487227	4.30E-16
1.257787625000	1.99E-15
1.032471199300	1.50E-14
2.062386258300	2.30E-14
0.004791822704	5.00E-20
1.465071374870	2.79E-15
1.308600000000	0
0.123470180000	0
1.110132444030	1.22E-12
0.287431567184	1.44E-15
0.882778265650	3.33E-15
1.293099942350	1.10E-15
0.386003723835	1.12E-15
0.615538243090	7.20E-17
0.866342509000	2.30E-16
0.066292899267	1.72E-19
0.008122798046	2.02E-20
1.538426726300	8.85E-15
0.139460211250	8.48E-14
3.270241803200	2.20E-14
0.099829560000	0
0.753047989000	1.68E-15
0.544670547190	2.81E-14
0.829828785240	1.64E-13
0.483769998047	1.82E-16
0.196543154965	2.80E-14
0.332886678810	4.02E-16
0.126689998553	0
2.184001347080	1.30E-15
0.627980684400	1.28E-14
0.323434055969	6.61E-16
0.871682832986	4.27E-17
0.659794141680	2.10E-15
0.768184556740	1.11E-15
0.362051962860	1.65E-15
1.245914634020	4.10E-15
0.337585823180	1.50E-14
0.561778329077	3.62E-15
1.011233535000	4.00E-16
0.839394324968	4.21E-16
0.612523739990	1.05E-15
0.541285680730	1.62E-17
1.169340685000	2.28E-12
0.782886976500	6.32E-16
0.419334966185	1.21E-15
0.350963229440	2.61E-14
0.999245000000	0
2.642223439040	3.43E-15
1.592419480190	1.49E-14
6.445036086100	3.00E-14
0.502802782900	1.57E-15
0.768672273390	3.73E-14
0.450432369990	1.39E-13
0.816273080180	2.25E-15
0.397584746441	6.12E-15
1.391790000000	0
1.978847431630	8.56E-15
0.349590990980	3.15E-15
0.627715518484	4.62E-15
0.443398021800	8.19E-14
0.549497698290	3.00E-16
0.768498945480	7.95E-16
0.730372511020	8.90E-17
0.234169035616	1.56E-16
1.215697613611	8.17E-17
0.322882431774	7.88E-15
0.114367931820	1.14E-14
0.239317178406	2.18E-15
0.529440988430	1.86E-14
0.877561237140	1.97E-16
0.341772476799	2.00E-17
0.154087174313	2.15E-14
0.803050264794	1.45E-15
1.692656340400	1.85E-15
0.606886624250	4.66E-13
0.515000656402	3.90E-15
2.043082458401	2.27E-15
3.904506361190	1.63E-14
0.413700120840	1.70E-14
0.346796929142	8.10E-17
0.892958669780	1.48E-16
1.360737687700	1.84E-15
0.223557828541	6.34E-16
1.893748693770	8.99E-15
0.875137000000	0
0.512211401067	1.93E-15
1.016349195100	8.20E-17
0.412401047219	3.38E-17
0.444645106770	1.56E-15
1.473630000000	0
0.405336948592	4.78E-16
1.242508309090	4.72E-16
2.414575519970	1.21E-13
0.193105399932	1.06E-14
0.569980000000	0
0.306166987860	7.83E-16
0.004074545941	8.93E-21
1.757205868816	2.38E-15
1.683506688620	8.33E-16
1.066060871280	2.12E-14
0.355665848800	1.90E-16
1.045406855598	6.31E-16
1.160592538166	2.86E-15
0.982000000000	0
0.187379400000	0
0.367428753855	1.07E-14
0.698352863800	2.43E-15
3.465037782640	4.92E-15
1.058148170300	1.05E-15
0.487527608730	0
1.478480373000	1.27E-14
1.077101491000	1.34E-12
0.945224316000	1.25E-14
0.199541359871	6.56E-15
1.578792888800	4.30E-16
0.500254454491	1.32E-14
2.780079197900	2.37E-15
0.052152855000	1.56E-13
0.098813976483	6.13E-14
0.001645609613	1.31E-20
0.394133346613	1.21E-15
0.288602791720	3.99E-16
0.006226932720	-5.98E-20
0.016264003411	3.12E-19
0.442838499130	1.11E-16
0.005788040000	0
0.005119710000	0
0.005086910000	0
0.003304340000	0
0.004448030000	0
0.004965150000	0
0.008436095304	-6.06E-19
0.004713980000	0
0.005540140000	0
0.021671870000	0
0.004925890000	0
0.002969650000	0
0.002244700000	0
0.005028540000	0
0.006116640000	0
0.007084910000	0
0.382734700000	0
2.311650000000	0
0.874485881700	2.42E-15
1.335387790570	1.72E-15
0.609873648673	7.87E-15
0.445822307000	5.90E-16
1.332309719800	2.12E-15
1.908810000000	0
5.639047079000	7.90E-15
0.712794036774	1.08E-14
0.899376721400	2.64E-16
1.300513146200	5.78E-15
0.910362984150	1.97E-16
0.684013602920	3.81E-17
0.026568678375	-9.96E-19
0.005139936775	4.93E-19
0.394835783570	2.65E-15
0.548227103800	8.83E-15
0.742352395470	1.29E-15
0.409050865044	6.43E-16
0.191036693534	6.18E-16
0.562557635530	8.13E-15
0.640229499520	3.47E-15
0.062954888973	2.02E-18
0.528336409360	1.41E-14
2.090248076800	8.30E-16
0.361690595821	5.71E-16
0.392703893399	7.82E-16
2.391396794860	1.56E-15
0.190709642575	7.81E-16
0.733744438710	6.86E-16
0.322231178915	4.42E-15
1.175967877200	9.02E-14
1.004512553390	3.12E-14
0.233540625445	1.12E-14
0.430872156050	1.23E-14
0.261954678320	1.40E-17
0.959466000000	0
0.744000000000	0
0.404980300960	5.27E-14
0.670479962553	2.85E-16
0.855986000000	0
0.724513748730	1.24E-15
0.179400000000	0
0.185310101579	7.82E-16
0.234100571494	1.29E-14
0.017687214772	2.10E-19
0.692551578150	1.69E-14
0.430278250497	9.56E-16
2.107263371200	1.55E-15
1.202893463220	5.17E-15
0.766706386210	9.40E-17
0.947255811040	7.20E-16
2.512262811800	1.57E-14
0.798451566950	2.55E-16
0.731505472500	3.07E-15
0.254720352269	9.34E-17
2.843388809700	1.86E-14
0.460974127869	1.09E-14
0.810717729060	1.07E-14
0.558888677540	3.76E-15
1.457739000000	0
0.956548548730	9.96E-14
0.574400267809	4.63E-15
1.078953318310	3.77E-15
0.783185489580	1.15E-14
1.799272492300	5.50E-16
1.030820000000	0
0.578364000000	0
0.921490673770	3.31E-15
0.007175614607	-5.13E-19
0.003738699661	-6.50E-20
0.004226532004	6.90E-21
0.003625096717	5.30E-21
2.550498210400	1.80E-16
1.108724849600	7.03E-16
0.438113157200	1.60E-17
0.375296924221	1.60E-14
0.415827089544	1.13E-13
0.124924206569	1.28E-13
1.081908474227	3.29E-15
1.385603623100	4.00E-16
0.554261603931	2.11E-15
0.664300000000	0
1.681000000000	0
0.514671376520	5.64E-16
0.569007090180	8.56E-15
2.461051995000	1.32E-15
0.536595822673	1.77E-15
2.864337736480	1.52E-14
0.443648922251	3.30E-16
0.133666920250	1.34E-13
0.106332094095	1.95E-14
0.007101000000	0
0.004397000000	0
0.005840000000	0
0.633411983159	3.37E-16
0.570510633480	1.43E-16
1.273011000000	0
0.218711565490	9.99E-16
0.454650713078	9.69E-16
1.181269229800	2.70E-16
0.405769487900	8.39E-15
0.357806774953	1.76E-15
0.661401759025	5.80E-18
0.428340989400	4.74E-16
0.484286459778	5.73E-17
0.522618385775	1.41E-15
0.668309209920	8.62E-16
0.879790875600	1.70E-17
0.481789349000	1.21E-13
0.798900000000	0
0.464300493199	1.29E-16
0.163727371664	2.88E-17
0.827776461518	1.22E-14
0.425115000000	0
0.876044286677	1.24E-15
0.596993202504	7.73E-16
0.544549207067	2.67E-15
0.241034547950	1.20E-17
0.918410326286	1.71E-14
2.457881777580	6.58E-14
0.364912241765	7.05E-15
0.744976401600	2.29E-15
0.313885674748	1.52E-16
0.895285284345	5.24E-15
1.124481089440	1.06E-14
0.082746885746	2.55E-14
0.434811386330	7.28E-15
0.702413629135	3.82E-15
0.146788548116	3.44E-14
0.860387839000	1.20E-16
0.217213500357	2.39E-17
0.153716278369	5.20E-17
0.261049317960	3.83E-16
0.924944823030	1.61E-15
0.461712676610	2.69E-15
2.623858562000	8.00E-16
0.391385100990	1.20E-16
0.557463612000	6.32E-15
0.064667000000	4.40E-14
0.415812941402	2.97E-16
1.432704196800	2.25E-15
0.793902802035	3.60E-15
1.205374441370	1.91E-14
0.538340543302	9.82E-16
0.430990980780	3.77E-14
1.223352308070	2.39E-14
0.315835048197	1.78E-16
0.236983307439	3.16E-16
0.587476775940	6.60E-16
0.048072246759	1.76E-14
0.044699305300	1.27E-13
0.336424676400	2.10E-17
0.426466240565	2.08E-15
0.328514216183	4.78E-17
0.931089084936	2.55E-15
1.014219484950	8.84E-16
1.377868495630	2.92E-16
0.751261115038	1.66E-15
0.957463935360	6.33E-15
3.975905188000	7.45E-13
0.198435733182	7.79E-14
1.249923537380	3.63E-14
0.426802000000	0
0.217642691144	6.48E-15
0.594499815819	1.33E-15
0.782313359900	7.26E-15
0.592885130439	6.64E-17
0.217922881847	1.93E-18
0.438095346909	-2.30E-18
0.224603837185	1.43E-15
2.046837628900	3.60E-16
0.625470000000	0
0.387016920950	2.05E-15
0.384486783920	5.80E-16
0.838500000000	0
0.544799524700	3.82E-15
0.291489460639	2.04E-15
0.281371300370	6.15E-15
0.939690039600	4.11E-15
0.551133776740	9.68E-15
0.952708902877	7.06E-16
0.852047483505	3.13E-15
0.301489849278	1.32E-15
0.294162514570	5.66E-16
1.388137128560	7.61E-16
1.060363543971	3.59E-16
1.515695992630	6.00E-16
1.788490452800	2.59E-15
0.226538990075	7.90E-18
2.352135000000	0
0.393521637640	3.46E-15
0.598075929665	6.33E-15
0.337320795791	9.32E-16
0.921459731325	4.50E-15
0.333242850831	3.79E-14
0.309904593428	9.36E-17
0.033781331932	2.90E-20
0.414111049843	3.72E-17
0.902315629180	2.53E-15
1.656009569700	8.95E-13
1.915130669640	5.37E-15
1.366682059422	8.71E-16
1.261787000000	0
1.362817392033	1.75E-15
0.974700373360	3.55E-16
1.787036805420	2.35E-15
2.071040272500	8.48E-14
0.214771109789	9.07E-16
0.831155727400	1.89E-15
1.874268518252	1.35E-15
0.456511944952	4.59E-16
0.759777464363	1.13E-15
0.752906543049	2.27E-16
1.846534201500	3.65E-14
0.617107205550	9.60E-15
1.625405472400	4.52E-15
1.636792451720	2.80E-16
0.005440004163	3.38E-18
0.378596492197	2.99E-17
0.405935962990	2.24E-16
0.003020060261	0
0.004394000000	0
0.004850000000	0
0.284054344967	2.93E-15
2.499468267430	3.91E-15
0.435759033311	3.55E-15
0.362492078224	5.38E-15
1.396598546040	6.07E-16
0.359394162457	3.92E-16
0.412229958570	7.58E-16
0.189334989945	5.23E-15
1.161743109710	3.01E-16
1.505874551690	1.74E-15
0.003054315592	1.62E-18
0.006547000000	0
0.005420000000	0
0.002451000000	0
0.223320267185	4.40E-16
0.778949400076	8.76E-16
0.769005855083	5.25E-14
1.925871772700	1.90E-15
0.279186875177	2.27E-14
2.382000000000	0
2.093136309720	4.91E-15
0.110223702460	1.21E-13
0.101486794208	7.53E-14
0.382072812116	1.09E-15
0.270502039371	1.54E-15
0.512547817784	7.23E-15
0.245757118142	1.00E-15
0.269414732063	1.46E-15
0.153196979241	6.13E-16
0.246327587410	2.07E-14
0.072051632709	1.48E-14
0.860332115990	9.95E-16
0.741639520385	7.29E-16
0.514523069504	1.27E-15
0.199147397053	5.25E-16
0.318400873408	4.79E-15
0.829166020780	-5.00E-18
0.307132975823	5.55E-15
0.345698034020	2.37E-16
0.457535874029	6.32E-15
0.245260000000	0
0.405043321630	6.00E-14
6.221552666300	4.78E-14
0.747187668200	1.71E-15
0.771492520380	7.60E-17
0.612132963973	3.09E-16
0.067266846115	8.32E-15
2.857941001300	5.50E-15
2.165679350300	2.99E-15
0.507945195243	1.09E-15
0.533917296000	1.51E-15
0.744295419390	3.71E-14
0.647292718380	6.39E-14
0.002719112062	8.62E-21
0.330354089443	4.20E-15
0.199300000000	0
0.291930632181	2.75E-15
0.686704444120	4.16E-14
1.521545169700	1.28E-15
0.483458880080	1.24E-14
0.085284251262	9.17E-15
0.061883650011	2.02E-13
0.633640298170	5.27E-16
1.889435500400	2.70E-16
0.329531922488	4.49E-16
0.290108193201	7.19E-17
0.487913591700	1.83E-15
0.317314882790	6.00E-16
0.512979908720	5.82E-14
0.788353566535	3.25E-14
0.491141556300	9.96E-15
0.512327300000	0
1.172719000000	0
0.610258781957	6.70E-18
0.358306049291	4.69E-17
1.465655771330	1.93E-15
0.841864518590	3.06E-15
1.087749188410	4.70E-16
0.305830097712	4.05E-14
0.859192035200	2.14E-14
0.235248924972	1.18E-17
0.621733994230	9.69E-16
0.145346822521	4.39E-15
0.379536106010	4.30E-17
0.302448108644	5.92E-15
0.165906978150	2.06E-14
0.670485662380	1.74E-15
0.003889000000	0
0.354236507718	1.66E-15
0.457245030440	1.30E-15
0.562710736140	1.18E-14
0.496193100000	0
0.178756351773	1.04E-15
0.003232273969	-4.80E-22
0.617036695541	1.68E-15
0.473512529780	3.80E-17
0.201062574029	3.30E-15
0.096294207740	4.52E-14
1.905808706070	7.72E-16
1.099000000000	0
1.963531983520	6.20E-15
1.876018524350	3.65E-14
0.618357697387	5.50E-15
0.183294800000	0
0.444425724617	5.46E-18
0.380830776830	1.16E-13
0.145707740200	4.72E-13
0.235303200419	3.34E-14
0.927177741510	7.70E-17
0.070498243969	4.93E-14
1.218353596320	3.08E-15
1.901967399310	2.68E-15
0.488242008960	4.00E-17
1.266790124240	4.76E-15
0.238777817900	1.25E-14
2.675682264510	4.76E-15
0.520939679547	7.69E-15
0.149460655762	8.10E-16
0.585319037820	3.31E-15
0.484913679080	1.32E-16
0.449548149848	3.64E-15
0.418968843399	2.60E-14
1.911428022510	4.95E-15
0.549160533880	2.61E-14
0.797478075300	8.29E-15
0.422300000000	0
0.859368466810	9.60E-15
1.893352699900	2.30E-14
0.437869001700	1.00E-16
0.955672135909	2.35E-15
1.096439972228	2.42E-15
5.309376684700	2.37E-14
0.940961616610	6.41E-15
0.754470427192	3.20E-15
1.652861852887	1.49E-15
0.663321097981	1.81E-14
1.657656458200	3.35E-16
0.204068115056	5.79E-14
0.186148857956	6.39E-15
0.912914196320	3.48E-14
0.445748931080	2.34E-13
0.381319294128	1.09E-15
1.334557230500	6.40E-16
0.353602532900	1.60E-16
1.054228250380	6.72E-15
3.088255792950	2.96E-14
0.404919643720	4.52E-15
0.233326206679	8.12E-16
1.839944315159	5.09E-16
0.526682241575	2.19E-14
0.564475379990	2.20E-17
0.313016401038	7.60E-17
1.255468574290	1.94E-16
0.344642757467	1.05E-14
0.471603578930	2.29E-16
0.880330481880	7.79E-15
0.782598468610	2.49E-16
0.669872386650	2.47E-15
2.027524388720	1.44E-14
0.132313618371	1.04E-15
0.781933699730	2.39E-15
0.754963370070	8.54E-16
0.671613828819	3.89E-15
0.191614063108	2.14E-15
0.475392526561	1.33E-14
0.536413665506	1.74E-14
0.001845666323	9.55E-21
0.005471330876	6.21E-21
0.583550377362	7.20E-15
3.406538670700	1.04E-15
0.460503000000	0
0.641097851220	6.08E-15
0.272963000000	0
0.507722322118	1.67E-14
6.971270000000	0
1.198630274920	7.81E-15
0.525049142740	1.02E-14
0.991026616395	3.91E-15
0.269443321410	6.80E-16
0.335162528250	6.20E-17
0.255699268086	9.71E-15
0.375463378520	1.87E-15
0.207635720100	8.86E-15
0.486750798600	1.13E-14
1.092348152840	1.34E-14
1.421653784090	5.46E-16
0.340527646990	4.49E-15
0.104694545163	3.67E-16
0.634354346767	9.35E-15
0.206219981132	2.01E-15
2.618918467260	9.72E-15
0.434372879784	1.12E-14
0.326571288340	7.11E-12
0.350109572852	1.26E-15
0.861379642641	5.19E-15
0.225551453300	9.93E-15
2.273000000000	0
4.878838526100	6.06E-15
6.707045724100	1.27E-12
0.597769151294	5.17E-14
0.259246642880	5.90E-18
0.957991164730	1.09E-14
0.340832130441	2.83E-17
0.778164353310	4.65E-15
0.537623732550	1.61E-15
0.274556684720	1.35E-15
0.659432050530	5.25E-15
0.191442663494	6.73E-17
1.637129007200	8.86E-15
0.225004475404	2.87E-16
2.218602646990	3.74E-15
0.505956739100	8.75E-15
0.328664726790	2.72E-16
1.312218438010	1.43E-15
0.754730000000	0
0.297769547307	1.41E-17
4.308189598570	2.33E-14
0.038518943432	1.42E-14
0.672480607170	1.11E-14
0.542155481350	2.80E-14
0.668407828780	2.20E-14
0.761194081655	2.16E-14
0.953384188170	5.39E-14
1.451319471078	4.62E-14
0.275641498671	1.53E-16
2.191497968000	4.32E-15
0.166633924251	3.91E-14
1.081843781890	3.59E-16
0.734184859780	1.26E-15
0.290716217162	9.14E-17
0.345581898073	1.49E-15
0.518721435025	4.74E-15
1.409065241280	8.70E-16
0.953181685180	2.48E-15
0.906976860690	1.37E-13
0.344020000000	0
0.435193851850	7.96E-15
0.284697472498	1.09E-15
1.205303284560	1.15E-14
0.467894113075	5.68E-15
0.957750945050	1.40E-14
2.180195177540	9.70E-14
0.104912611147	8.68E-18
0.451472852650	1.76E-15
0.428978925620	5.15E-15
1.326148567000	1.00E-16
0.524150884720	1.46E-14
0.336337131620	8.77E-17
0.101435746198	5.57E-15
0.397881893633	3.35E-14
0.275577599580	2.14E-14
0.585530000000	0
0.905137354250	1.28E-15
0.126400333243	6.12E-16
1.048132105087	1.55E-15
3.914657915700	5.13E-15
0.767330000000	0
1.366449647100	1.85E-15
0.573196989078	6.39E-16
1.146594847118	4.16E-15
0.246816769973	6.47E-17
0.845347574610	1.81E-14
1.678106329500	9.30E-16
1.393484481680	2.67E-13
0.258684648071	7.52E-16
0.345401159920	2.40E-16
0.620217115135	1.22E-15
0.267439609870	2.08E-13
0.080906689060	6.21E-14
0.420252155180	3.70E-17
0.370483417429	1.70E-15
0.356928998022	5.46E-17
0.139760064515	3.12E-14
0.630983058330	1.40E-14
0.415823055263	4.03E-14
0.349951177522	6.93E-15
0.502923870516	4.74E-15
3.687219047700	1.06E-14
0.197650000000	0
0.745828032000	4.61E-15
4.693232933300	2.43E-14
0.256843797950	2.04E-15
0.551058591000	5.06E-15
0.559634000000	0
1.044312701790	2.55E-14
0.933971582308	3.93E-15
1.393617000000	0
0.385194094862	1.42E-16
0.374261575160	5.71E-15
0.389869101178	5.13E-15
1.424000000000	0
0.612209204438	2.05E-16
0.602227000000	0
1.279193193500	1.86E-15
0.777662000000	0
0.318817259335	3.24E-15
0.288219159344	2.36E-15
0.885240000000	0
1.299693449500	4.60E-16
0.355725186569	2.29E-15
0.801693096880	2.57E-15
0.636584478220	5.20E-16
0.655450239490	7.46E-15
0.554756464830	1.27E-14
2.663079683000	1.32E-13
0.690576358100	8.67E-15
0.877060000000	0
0.614756694080	3.11E-14
0.832001948920	1.80E-17
0.643998663510	2.29E-15
1.781927762343	1.64E-15
1.830857453000	1.31E-16
1.956857590050	8.23E-16
0.415320000000	0
1.223777453590	2.41E-15
1.524672106000	2.00E-15
0.746577356434	1.29E-14
0.673503316930	7.71E-15
0.487812628300	2.10E-16
0.786800000000	0
0.003600000000	0
0.729303862273	4.03E-15
0.301458774079	6.79E-16
1.151390000000	0
0.374117028251	1.92E-14
0.431887084660	3.40E-15
0.887324640560	1.33E-15
0.357154820260	3.69E-14
0.651185384180	4.45E-16
0.139524628624	1.18E-16
0.379387161967	8.90E-16
0.006092367930	5.70E-21
0.208958332122	4.11E-16
0.263344725870	1.73E-14
1.856569716500	2.76E-16
0.750808122380	7.42E-16
1.541000000000	0
0.643181259558	3.05E-15
0.003784404788	4.91E-21
0.441209731966	1.11E-15
0.989706023196	1.35E-13
0.648040054300	4.94E-15
0.218252912685	3.50E-15
1.043361628655	1.15E-14
0.267275008259	2.14E-15
1.286564379560	1.52E-16
0.111524136498	3.59E-14
1.536510000000	0
0.775344589950	1.32E-16
1.019092771350	2.05E-16
0.351879439822	1.14E-15
0.618770000000	0
0.240153263208	8.22E-15
0.168680000000	0
1.138402713200	3.15E-15
0.106632746266	8.68E-14
0.363676330005	1.84E-14
0.574697951954	6.71E-16
0.226107109988	9.43E-14
1.420160341430	1.60E-13
0.827097370590	1.95E-15
0.632235328850	3.08E-15
1.235757452781	5.41E-16
0.846792846200	9.80E-16
0.291020786760	2.59E-15
0.212352673319	8.25E-16
0.185397243919	2.39E-15
0.336554651762	3.49E-14
0.830269884710	9.80E-17
0.377578026000	1.70E-17
1.016948361980	5.52E-15
0.989831207210	5.53E-15
0.755992760850	2.06E-14
0.237161293220	1.52E-13
0.222949273318	3.58E-14
0.283641331124	2.64E-15
0.448950000000	0
0.996107795200	2.19E-16
0.542451096010	9.70E-17
1.360602928000	1.80E-16
0.337854845269	2.62E-16
0.504604607817	2.19E-15
2.330262820520	4.47E-15
0.452867353930	1.92E-15
2.712422838400	6.12E-15
0.325415321974	8.31E-15
0.531470000000	0
1.441741592612	8.23E-15
0.008357798501	-7.90E-19
0.005277326932	2.16E-21
0.009035285248	9.64E-19
0.004571765940	-4.34E-19
0.005384325706	-2.00E-21
0.273710000000	0
0.190890000000	0
0.004625962540	1.69E-20
0.460405818780	1.31E-17
0.409349485862	1.58E-14
2.232969028273	1.02E-14
0.621976245060	2.25E-16
0.825935803096	4.07E-15
1.616129871710	2.79E-13
0.005030000000	0
0.134409003575	4.57E-15
0.163245785775	1.76E-14
1.241964599360	4.32E-16
0.837148196490	1.67E-14
0.035908612798	3.37E-15
0.923910000000	0
0.306068644970	5.02E-15
0.521472714082	8.04E-16
0.851078948902	1.38E-15
0.457526573507	1.02E-15
0.693811205740	3.30E-17
0.600997496340	6.56E-16
0.317306233232	2.99E-16
1.542704449420	3.31E-15
2.058313788610	1.39E-16
0.342776796530	1.57E-15
0.404547474466	1.53E-14
0.173650000000	0
0.100040000000	0
0.297494121670	4.89E-17
1.616231495126	4.06E-16
0.541752113810	1.07E-14
0.439995272067	2.90E-15
2.182745989500	1.31E-14
0.270254439565	2.52E-15
1.618338920800	6.80E-16
0.628969721290	3.40E-17
0.227387488792	2.35E-14
0.281842407400	3.65E-15
2.129665364024	1.75E-14
0.194630982798	7.20E-15
0.334725226760	3.24E-16
0.425897254225	2.86E-15
0.798692542358	8.65E-16
0.856740000000	0
1.181023297300	2.12E-13
0.370882998770	2.54E-15
1.272260374710	7.67E-15
1.603983555280	5.89E-16
0.571399860595	3.79E-15
0.562789986697	2.16E-16
1.038000000000	0
2.215801738890	6.48E-15
0.509885820450	1.56E-16
0.785521849527	3.44E-17
0.210648412103	5.36E-15
0.618182590832	5.60E-15
0.143575681409	9.80E-16
0.936430000000	0
0.821035080573	8.96E-16
0.760681389020	5.00E-17
1.337302160190	1.35E-15
0.595201000000	0
0.236170877232	1.34E-14
1.172763402020	6.49E-16
1.077924342980	8.18E-15
0.529623000000	0
0.547209201831	4.30E-17
0.003788155520	9.42E-21
0.375090000000	0
2.935186459200	3.64E-13
0.158042917783	2.56E-15
0.758430000000	0
0.237790138000	2.09E-15
0.075660000000	0
1.916353000000	0
1.074078173597	2.46E-15
0.318062050971	3.75E-16
4.864283799830	3.64E-14
1.324921971385	2.19E-16
0.308300000000	0
0.579822814970	1.80E-14
1.346012184930	1.43E-15
0.299071778297	3.50E-15
0.290305256197	6.35E-17
0.482766273821	1.16E-16
0.298313497249	2.24E-15
1.431066414236	7.71E-16
0.068730405825	1.32E-14
0.817329808312	6.35E-15
1.166900000000	0
0.529681000000	0
1.220470004530	2.36E-15
0.339215400000	0
0.257831939898	2.56E-15
0.723598503258	2.14E-15
1.456004000000	0
0.760031968310	3.66E-15
0.425710000000	0
1.609690300000	0
0.136855046957	7.51E-13
1.779230000000	0
0.314355396469	5.01E-15
0.501123112694	1.01E-16
0.582126000000	0
0.226517635038	1.16E-15
0.041820000000	0
0.208214903876	9.32E-14
0.268217402985	4.22E-15
0.144469765140	5.76E-14
0.571420319700	2.84E-16
0.437454407217	2.18E-16
0.928323751417	3.18E-16
0.813690302830	8.11E-15
0.230990000000	0
0.178431523660	1.31E-13
1.939900000000	0
0.358738410770	6.00E-15
0.654408146583	3.78E-16
0.080118133455	6.08E-14
0.568387000000	0
0.967338369530	4.04E-15
1.390880000000	0
0.642932000000	0
0.240100000000	0
2.872773650600	5.60E-15
0.200980202442	6.43E-16
1.657428783360	3.48E-15
1.121561892000	5.68E-15
2.902510000000	0
0.687081856640	3.40E-15
0.166115573157	4.24E-14
2.310000000000	0
0.001557806561	1.05E-19
0.645302469400	1.83E-14
0.022260606000	0
0.258890000000	0
0.546824157964	7.68E-14
1.855276000000	0
1.404730000000	0
0.217317451828	1.91E-16
0.905393888300	9.96E-16
0.559084099229	1.24E-15
2.306152697000	1.61E-13
0.402857908875	9.56E-16
0.840887000000	0
0.696262214760	1.01E-16
0.203568200000	0
0.446226281658	4.66E-16
0.972428850914	1.66E-15
0.005185201904	1.71E-20
0.841157774341	9.86E-16
1.996899013500	7.30E-16
0.003617993078	7.50E-21
1.045632444772	5.35E-16
1.073900000000	0
1.068707691340	2.42E-16
0.491865489484	1.99E-15
2.282440000000	0
0.440618476911	2.41E-17
1.334449858090	8.89E-16
0.515167051310	5.64E-15
0.435060254600	2.20E-14
0.959447931541	1.49E-15
1.480743824240	4.78E-16
1.110944000000	0
0.157508542541	5.23E-16
1.798069000000	0
0.180940000000	0
0.196626813614	9.02E-15
0.717311174076	7.06E-15
1.319373385300	1.23E-16
0.957616630291	3.27E-15
0.455934000000	0
5.094083027500	3.03E-15
0.275025682520	1.28E-16
0.039531192855	5.84E-15
0.851890276800	2.87E-15
1.333964993660	1.77E-15
0.008565431000	0
0.092709054700	2.12E-14
0.426676786530	1.71E-18
1.386961000000	0
0.004872765863	9.12E-21
0.518937987409	1.37E-15
5.012480000000	0
0.303910924347	2.20E-16
0.307682865198	3.11E-15
0.374806224200	7.08E-15
0.290389244750	2.12E-13
0.406081181000	3.60E-17
0.719161000000	0
0.276497483620	2.25E-16
0.421794000000	0
0.696760510200	1.05E-13
0.905066820309	1.74E-15
2.111264733820	7.46E-14
0.240952641930	2.07E-13
2.279661058580	2.57E-14
0.615033894871	2.81E-16
0.307942904640	2.99E-15
0.580871337031	4.60E-17
0.163695236450	2.49E-14
0.325724366050	1.37E-16
0.458734825807	3.32E-16
0.024497388546	9.61E-19
0.608205314570	1.56E-14
0.589195503320	5.40E-15
1.438368601890	1.47E-15
0.005223271017	4.82E-21
0.565369345198	9.07E-17
1.442447520600	3.62E-15
0.931733093470	1.79E-15
0.544001870610	5.48E-16
0.580187269001	6.01E-16
0.276027693446	1.52E-16
0.230193613860	8.85E-15
2.303299081600	5.10E-16
0.537143086032	9.96E-16
0.403619000000	0
0.557953480423	1.48E-16
0.387664086639	1.84E-15
0.103740952074	9.57E-14
0.265317660930	5.47E-14
0.343402157786	1.89E-15
0.048578779636	8.61E-14
0.529196917808	3.06E-15
0.372619054536	2.51E-15
1.262000000000	0
0.398173021652	2.03E-16
1.099651368044	3.09E-16
0.515229000000	0
0.176707415114	4.86E-15
1.216804657740	1.23E-14
0.630512646679	8.85E-16
0.200128588166	6.50E-15
0.227070177390	6.48E-15
0.579000000000	0
1.281719023790	4.55E-16
1.358726763150	2.09E-15
2.074377078100	2.04E-15
0.618715084190	4.50E-15
0.160000000000	0
1.577286150500	4.13E-15
1.424568215153	9.44E-16
0.865606225032	5.95E-16
0.096130562950	1.27E-15
0.588000000000	0
1.392715463500	6.30E-16
0.395555111739	1.95E-16
1.546938116865	1.47E-15
1.138285683316	1.82E-16
0.476734842147	1.11E-14
0.445944557385	4.18E-15
1.961572303613	1.10E-14
0.283900964198	1.52E-17
1.220000000000	0
0.341336231373	1.96E-16
0.815181102765	1.34E-15
0.319561174500	4.08E-15
0.221507638277	3.69E-16
1.190000000000	0
3.746630000000	0
0.405737000000	0
1.423101838300	3.50E-15
0.414870536874	8.62E-17
3.953852959600	3.24E-15
4.061000000000	0
0.157829924735	1.43E-13
1.202851754085	2.62E-15
1.014684793189	7.15E-16
0.552169700000	0
0.440153066948	2.89E-16
0.138865700000	0
0.694053479086	7.68E-16
0.004931114943	2.06E-20
0.325771287420	2.26E-16
0.110664704469	-2.10E-17
0.056133035525	9.54E-18
0.004802804346	-1.08E-18
0.004651435215	1.78E-19
0.004027042707	3.20E-20
0.037660166953	2.00E-18
0.006743394240	2.40E-20
1.227235400150	1.60E-17
1.750870000000	0
0.696000000000	0
0.312470000000	0
1.083513513640	1.42E-15
0.282849345409	1.79E-15
0.012986381000	0
8.509827491000	4.96E-16
0.005040000000	0
0.380140344720	1.68E-16
0.332205671541	1.01E-14
0.593533613000	7.08E-16
1.609019996400	9.16E-16
1.030002112040	1.24E-15
1.373654387000	4.23E-15
0.498149072540	1.42E-17
1.525265633965	3.43E-15
0.745000000000	0
0.084700000000	0
0.938014228130	9.00E-16
0.322673549948	3.97E-16
0.636985200000	0
0.933161074780	6.99E-15
2.057430000000	0
1.004592528853	4.95E-16
0.751000000000	0
0.374195893042	2.37E-15
0.419102264640	6.90E-14
1.056844219440	6.51E-16
0.538468821919	2.77E-15
0.281399142754	6.17E-18
1.336000000000	0
0.682542497406	9.66E-15
0.842408000000	0
0.051623573930	7.83E-14
0.443054560638	2.26E-15
1.893120000000	0
1.358745312690	2.22E-16
0.059767357985	1.58E-19
0.162733852990	9.70E-14
3.070000000000	0
0.139934500000	1.54E-14
1.664500786185	4.82E-15
0.596799464458	1.13E-16
0.855405000000	0
0.461000000000	0
0.477233119123	6.59E-16
0.792235920118	6.65E-17
0.368246454342	5.75E-15
1.206404288190	2.04E-15
1.575886338359	2.89E-15
0.535828895432	8.70E-18
0.475067674802	1.99E-16
0.349433682133	1.12E-16
1.061000000000	0
0.813386000000	0
1.444653102317	1.05E-15
0.216018278840	1.63E-16
2.256488426824	7.04E-15
0.004808428289	9.66E-21
2.347486053300	2.59E-15
1.436309536149	2.83E-15
0.233651969495	3.53E-16
0.790000000000	0
0.632100000000	0
1.643622185327	4.63E-15
0.756899382059	1.18E-15
0.495369868028	1.93E-13
0.303300000000	0
1.799000000000	0
1.181463382967	1.36E-15
1.164000000000	0
1.011691000000	0
0.944783886655	1.63E-14
1.200000000000	0
0.270329462620	4.00E-15
0.344018308374	2.18E-15
0.628540823296	5.51E-17
1.633565179300	6.97E-15
0.772678043320	2.65E-15
0.867443878550	1.03E-16
0.508561079708	1.59E-15
0.312314406456	3.23E-15
0.885240281230	2.30E-14
0.877043810150	1.57E-14
4.600368990200	2.53E-14
0.791232253010	1.06E-14
0.397589683040	5.22E-15
0.618760636440	2.23E-16
0.323648024490	4.52E-13
1.527042270840	5.54E-15
0.512110722994	1.99E-15
0.448945466859	7.25E-17
1.257181103690	2.83E-15
0.190067107649	1.95E-16
0.562074290410	2.57E-17
0.075658988453	1.05E-14
1.010738953460	2.10E-16
1.779225574950	6.33E-15
1.864331867490	4.59E-16
0.258911996567	1.27E-14
0.528352163302	1.36E-14
0.193404570783	1.06E-15
0.665878619630	5.67E-17
0.115363568268	5.97E-15
0.079427232292	1.67E-14
0.110978943216	3.62E-15
0.620365031300	1.01E-13
0.194938267113	2.18E-14
0.138157778213	8.88E-15
0.355686622097	2.48E-14
0.085072146164	4.16E-15
0.167861145148	4.72E-15
0.127122893310	1.51E-14
0.499186610370	4.53E-14
0.112854649910	1.55E-13
0.166749179042	1.36E-15