PM0056_00861_ACCEL_50_10_ACCEL_Cand_5.pfd.png   289.6960525  15.66966806  11.400452  35
PM0056_00861_ACCEL_50_5_ACCEL_Cand_4.pfd.png   289.6960525  15.66966806  164.763834  217
PM0056_00861_ACCEL_50_6_ACCEL_Cand_1.pfd.png   289.6960525  15.66966806  136.060119  459
PM0056_00861_ACCEL_50_8_ACCEL_Cand_6.pfd.png   289.6960525  15.66966806  20.000467  28
PM0056_008C1_ACCEL_50_11_ACCEL_Cand_1.pfd.png   289.42763  16.08632583  187.994182  399
PM0056_008C1_ACCEL_50_12_ACCEL_Cand_9.pfd.png   289.42763  16.08632583  961.943615  36.5
PM0056_008C1_ACCEL_50_13_ACCEL_Cand_3.pfd.png   289.42763  16.08632583  780.697855  243
PM0056_008C1_ACCEL_50_14_ACCEL_Cand_14.pfd.png   289.42763  16.08632583  13.183977  43
PM0056_008C1_ACCEL_50_15_ACCEL_Cand_10.pfd.png   289.42763  16.08632583  8.36537  51
PM0056_008C1_ACCEL_50_16_ACCEL_Cand_12.pfd.png   289.42763  16.08632583  291.909372  22
